0.463934
0.511072
0.516295
0.520443
0.528434
0.530925
0.541177
0.543554
0.543748
0.545946
0.549011
0.550022
0.550313
0.550589
0.552181
0.558452
0.559904
0.562217
0.566787
0.567205
0.573047
0.574332
0.575449
0.577399
0.578388
0.579585
0.584296
0.587951
0.590548
0.592881
0.592971
0.592994
0.594072
0.594930
0.595550
0.595773
0.596172
0.597968
0.598606
0.599686
0.602322
0.602327
0.605730
0.609853
0.610324
0.610338
0.610741
0.611687
0.611762
0.613499
0.613971
0.614163
0.614258
0.615449
0.616376
0.617575
0.620571
0.620772
0.622448
0.625615
0.626088
0.626966
0.628200
0.628375
0.628406
0.629167
0.631547
0.635144
0.636608
0.637063
0.637809
0.638744
0.639594
0.641103
0.642000
0.642179
0.642667
0.643803
0.643967
0.644176
0.644800
0.646742
0.647262
0.647367
0.647617
0.649006
0.650004
0.650305
0.650618
0.650757
0.651554
0.652885
0.655103
0.655109
0.655137
0.655315
0.655695
0.655724
0.655945
0.656332
0.656400
0.656806
0.656847
0.657350
0.658028
0.658657
0.660969
0.662532
0.663010
0.663842
0.664534
0.664912
0.665314
0.665467
0.665589
0.665597
0.667456
0.667722
0.668470
0.669377
0.669895
0.669895
0.670168
0.670187
0.670315
0.670622
0.671296
0.672429
0.672456
0.672639
0.672733
0.674212
0.674786
0.676230
0.677204
0.677262
0.677388
0.677534
0.677779
0.678126
0.678207
0.678257
0.678687
0.678880
0.678906
0.679181
0.679976
0.680329
0.681247
0.681381
0.681888
0.682100
0.682283
0.682555
0.683264
0.683319
0.683748
0.684292
0.685298
0.685439
0.686638
0.686842
0.687099
0.687852
0.689095
0.689227
0.689497
0.690056
0.690086
0.691005
0.691411
0.691526
0.691765
0.693332
0.693955
0.694066
0.695094
0.695728
0.696083
0.696250
0.696275
0.696515
0.697751
0.698209
0.698455
0.699789
0.699878
0.699884
0.700070
0.700125
0.700254
0.701097
0.701313
0.701528
0.701546
0.701784
0.701891
0.701915
0.702033
0.703595
0.703799
0.703898
0.704178
0.704244
0.704786
0.705230
0.705808
0.706279
0.706352
0.706616
0.707280
0.708037
0.708338
0.709469
0.710072
0.710154
0.710970
0.711932
0.713501
0.713831
0.714032
0.714325
0.714355
0.714515
0.715132
0.715350
0.716342
0.716460
0.716701
0.717608
0.719062
0.719135
0.719390
0.719850
0.720181
0.720242
0.720558
0.720638
0.721201
0.721375
0.721557
0.722072
0.723025
0.723409
0.723410
0.723601
0.723799
0.723908
0.724450
0.725038
0.725064
0.725272
0.727329
0.727429
0.728167
0.728345
0.728357
0.730002
0.730054
0.730175
0.730919
0.731033
0.731038
0.731369
0.731434
0.731596
0.732605
0.732646
0.732758
0.732878
0.733328
0.733638
0.733652
0.733722
0.734785
0.735461
0.735632
0.735835
0.736184
0.736223
0.736562
0.736907
0.736917
0.737340
0.738000
0.738799
0.739064
0.739188
0.739751
0.739842
0.740419
0.740562
0.740668
0.740894
0.741325
0.741516
0.742683
0.742776
0.743019
0.743071
0.743491
0.743590
0.744249
0.745069
0.745138
0.745205
0.745308
0.745738
0.745782
0.745830
0.746118
0.746126
0.746183
0.746295
0.746569
0.746608
0.746616
0.746949
0.747498
0.747653
0.747823
0.747972
0.748806
0.748960
0.749005
0.749377
0.749604
0.749963
0.750119
0.750244
0.750812
0.750966
0.751112
0.751815
0.752091
0.752091
0.752590
0.753576
0.753778
0.753989
0.754230
0.754519
0.754971
0.755553
0.756019
0.756049
0.756478
0.757172
0.757842
0.758102
0.758392
0.758788
0.759508
0.759716
0.759834
0.760034
0.760303
0.760426
0.760895
0.761134
0.761185
0.761297
0.761682
0.761838
0.761965
0.762036
0.762178
0.762222
0.762228
0.762293
0.763379
0.763427
0.763598
0.763747
0.764122
0.764131
0.764645
0.764741
0.765303
0.765873
0.766360
0.766523
0.766732
0.766760
0.766795
0.766903
0.766956
0.766977
0.767032
0.767601
0.768211
0.768573
0.768899
0.769311
0.769443
0.769724
0.769842
0.770367
0.770375
0.770486
0.770532
0.770873
0.770977
0.770982
0.771007
0.771551
0.771564
0.771949
0.772173
0.772569
0.772674
0.773088
0.773422
0.773812
0.774711
0.775039
0.775126
0.775307
0.775360
0.775534
0.775923
0.776133
0.776391
0.776429
0.776908
0.777322
0.777511
0.778069
0.778352
0.778742
0.779361
0.779579
0.780049
0.780722
0.781154
0.781397
0.781608
0.781755
0.781874
0.782253
0.783136
0.783395
0.783737
0.783877
0.784334
0.784475
0.785806
0.785993
0.786449
0.786480
0.786646
0.786695
0.786854
0.787477
0.787736
0.788016
0.789275
0.789761
0.790295
0.790775
0.790813
0.792006
0.792220
0.792717
0.792952
0.793580
0.793779
0.793871
0.793997
0.794270
0.794432
0.794875
0.795690
0.795983
0.796250
0.796270
0.796545
0.796567
0.796838
0.796992
0.797040
0.797612
0.798105
0.798202
0.798736
0.798960
0.799066
0.799303
0.799803
0.799867
0.800455
0.800976
0.800986
0.801533
0.801794
0.801950
0.802279
0.802866
0.803349
0.803510
0.805229
0.805332
0.805502
0.805551
0.805573
0.806302
0.806572
0.806683
0.807927
0.808491
0.808680
0.808822
0.809479
0.809602
0.810197
0.810586
0.811104
0.812018
0.812646
0.812665
0.813172
0.813270
0.813443
0.813610
0.813920
0.814987
0.815833
0.816026
0.816696
0.817720
0.817966
0.818068
0.818238
0.818459
0.818538
0.818646
0.818655
0.819028
0.819586
0.820256
0.820737
0.820872
0.821468
0.822284
0.822943
0.823168
0.824038
0.824164
0.824247
0.824785
0.824951
0.824957
0.825418
0.825819
0.825867
0.827207
0.827570
0.827619
0.828000
0.828472
0.828824
0.829288
0.829531
0.829992
0.830268
0.830815
0.830820
0.830868
0.831102
0.831727
0.833308
0.836105
0.836317
0.837782
0.839323
0.841313
0.842453
0.843161
0.843732
0.845662
0.847590
0.848603
0.849516
0.850954
0.852352
0.856871
0.864867
0.882715
