0.779887 0.777420 0.781147 0.780101 0.774243 0.781017 0.776636 0.781116 0.780672 0.774964
0.649053 0.655078 0.651093 0.644550 0.650270 0.649269 0.652417 0.649817 0.652834 0.648826
0.633772 0.627188 0.627025 0.618458 0.641283 0.627557 0.625615 0.629345 0.626000 0.627533
0.618142 0.613853 0.623691 0.604851 0.615490 0.608743 0.608900 0.607290 0.608305 0.608136
0.769966 0.775609 0.775540 0.773314 0.771236 0.774155 0.770959 0.768200 0.766814 0.764146
0.676644 0.671780 0.670395 0.667552 0.673802 0.685368 0.671220 0.677307 0.668306 0.665264
0.688667 0.681505 0.683671 0.686903 0.682092 0.687366 0.680318 0.683966 0.684326 0.684525
0.734935 0.723175 0.739477 0.740803 0.728005 0.736133 0.728705 0.730142 0.726908 0.726907
0.762395 0.763164 0.765441 0.769659 0.763240 0.769360 0.770103 0.763560 0.760680 0.759817
0.787943 0.788503 0.790665 0.786599 0.789344 0.792854 0.787080 0.791820 0.796954 0.785054
0.527214 0.525153 0.533592 0.527739 0.524387 0.530145 0.521000 0.531689 0.531767 0.531340
0.717989 0.709789 0.716788 0.710310 0.713233 0.716873 0.712545 0.715902 0.712293 0.714533
0.734769 0.734692 0.741240 0.729848 0.734645 0.732166 0.734851 0.737260 0.734932 0.740000
0.781554 0.783160 0.779115 0.776171 0.782061 0.781522 0.782105 0.780462 0.783001 0.782577
0.720273 0.717820 0.719180 0.725072 0.716677 0.726361 0.717089 0.717416 0.724081 0.722554
0.785540 0.781771 0.782235 0.784740 0.780867 0.783883 0.785990 0.784159 0.783998 0.784172
0.674311 0.685470 0.684964 0.681721 0.681167 0.694588 0.683703 0.681425 0.683263 0.686662
0.532415 0.531250 0.536031 0.533786 0.520276 0.527464 0.531256 0.535590 0.534076 0.527246
0.820199 0.814615 0.815985 0.815537 0.812688 0.816989 0.814197 0.816410 0.816356 0.815365
0.591462 0.591558 0.607322 0.588073 0.599707 0.595306 0.600596 0.593288 0.598235 0.589810
0.858498 0.855725 0.859299 0.858055 0.854591 0.854230 0.857292 0.856658 0.856504 0.857871
0.744752 0.742176 0.746884 0.739216 0.751877 0.736329 0.748111 0.749360 0.736155 0.735833
0.666444 0.667927 0.671960 0.668303 0.665702 0.667865 0.657254 0.669739 0.652957 0.665409
0.612826 0.621889 0.613439 0.612012 0.621725 0.619156 0.608744 0.616659 0.614474 0.613495
0.674289 0.682879 0.677936 0.677331 0.684434 0.677163 0.680977 0.678458 0.674210 0.680787
0.798181 0.799212 0.802789 0.799371 0.800000 0.798379 0.799517 0.802555 0.803955 0.800558
0.817222 0.811537 0.818466 0.817922 0.814911 0.818620 0.817432 0.816156 0.814840 0.819972
0.682726 0.682609 0.685837 0.676525 0.684268 0.682396 0.676916 0.683882 0.679749 0.677927
0.694414 0.699081 0.701291 0.697237 0.701081 0.708734 0.697521 0.717991 0.703472 0.699462
0.654032 0.654092 0.659860 0.655632 0.654030 0.649723 0.661791 0.656490 0.644572 0.660937
0.778696 0.770489 0.774438 0.778189 0.775145 0.772818 0.775225 0.772855 0.776203 0.773064
0.692441 0.704724 0.709566 0.708025 0.709596 0.707705 0.706344 0.707784 0.710468 0.705952
0.575553 0.576086 0.575393 0.573713 0.575426 0.575339 0.569590 0.573696 0.577039 0.571517
0.588684 0.579703 0.593212 0.586204 0.585598 0.598883 0.585135 0.579745 0.575721 0.569605
0.517038 0.515751 0.521893 0.522191 0.523202 0.535290 0.519720 0.522350 0.510631 0.516226
0.743929 0.748836 0.746806 0.747330 0.749542 0.743004 0.748729 0.753030 0.748805 0.749661
0.680347 0.689111 0.683168 0.687989 0.680087 0.680498 0.688102 0.702879 0.687668 0.697946
0.702433 0.701556 0.705549 0.703340 0.703069 0.697696 0.695246 0.699099 0.701403 0.703844
0.627078 0.618586 0.614815 0.607874 0.624846 0.613504 0.610489 0.617380 0.617220 0.611993
0.548365 0.553311 0.550450 0.551650 0.545303 0.551605 0.547338 0.556786 0.549462 0.548591
0.512977 0.511096 0.510669 0.511058 0.508155 0.513104 0.506156 0.512657 0.509680 0.515229
0.622041 0.618469 0.618201 0.627773 0.624283 0.620226 0.611472 0.627269 0.622222 0.613506
0.564572 0.565515 0.555462 0.573068 0.568502 0.567393 0.568199 0.576700 0.558978 0.573560
0.579242 0.572678 0.575727 0.573122 0.568871 0.578397 0.568158 0.566096 0.575549 0.572811
0.770288 0.769943 0.782040 0.769963 0.763843 0.767476 0.769619 0.768262 0.764998 0.768317
0.655185 0.653414 0.660873 0.658653 0.663078 0.649006 0.661374 0.656382 0.655390 0.654466
0.597187 0.589170 0.588168 0.595456 0.594258 0.589799 0.593839 0.594497 0.589248 0.598313
0.718533 0.732378 0.734551 0.742308 0.735255 0.726172 0.731486 0.730116 0.738350 0.739923
0.672149 0.662121 0.668947 0.657191 0.659729 0.665026 0.660633 0.667720 0.653142 0.663355
0.701412 0.701827 0.704518 0.703866 0.701129 0.697456 0.700666 0.713964 0.695327 0.697408
0.821614 0.822659 0.826017 0.822890 0.826743 0.824079 0.824377 0.823540 0.824173 0.824266
0.786119 0.779103 0.779961 0.780345 0.788817 0.792512 0.785939 0.785623 0.783771 0.781200
0.697179 0.708413 0.701223 0.702637 0.706940 0.697388 0.689841 0.704466 0.700499 0.692403
0.649436 0.655630 0.654310 0.652254 0.656105 0.644415 0.653807 0.654165 0.651410 0.643548
0.693377 0.678571 0.680000 0.685858 0.683643 0.681073 0.681289 0.681891 0.675197 0.680512
0.820606 0.815398 0.816943 0.815970 0.818490 0.814768 0.818020 0.815927 0.819842 0.821312
0.838058 0.837357 0.840448 0.836070 0.834415 0.837733 0.840182 0.838824 0.839342 0.835391
0.732030 0.729353 0.732884 0.730541 0.730816 0.733423 0.730646 0.733191 0.734467 0.740282
0.677216 0.674002 0.679589 0.677643 0.676241 0.676968 0.667346 0.672073 0.667595 0.673557
0.632439 0.620526 0.623440 0.626721 0.628491 0.632582 0.621667 0.622265 0.623756 0.624351
0.883471 0.882675 0.884000 0.883141 0.881029 0.880823 0.881524 0.883390 0.882145 0.884956
0.666448 0.662404 0.660961 0.671503 0.665815 0.661944 0.660537 0.665472 0.667221 0.663032
0.664893 0.667985 0.686025 0.665395 0.676121 0.673077 0.665785 0.672953 0.666188 0.674955
0.745332 0.759631 0.751738 0.750029 0.748168 0.751018 0.745391 0.750356 0.750281 0.750382
0.702334 0.700900 0.702638 0.703437 0.693051 0.698768 0.696714 0.704106 0.700969 0.695962
0.703468 0.705306 0.702813 0.696432 0.698432 0.705757 0.697303 0.697896 0.709141 0.698473
0.593386 0.598813 0.596330 0.602358 0.592260 0.597339 0.595312 0.600836 0.598506 0.604500
0.730753 0.730122 0.734908 0.733393 0.729083 0.735183 0.728561 0.731559 0.729200 0.727458
0.691793 0.696225 0.697301 0.696281 0.687492 0.692350 0.692824 0.694184 0.690690 0.694398
0.696041 0.712735 0.704277 0.701385 0.696149 0.705586 0.701046 0.709326 0.712966 0.696132
0.810459 0.810341 0.811722 0.807324 0.810831 0.811646 0.806252 0.809308 0.810429 0.807656
0.728800 0.726775 0.725593 0.728338 0.718944 0.735400 0.726625 0.730094 0.727466 0.733632
0.763446 0.761435 0.768446 0.764374 0.760640 0.760816 0.761423 0.764728 0.766846 0.762098
0.633926 0.634471 0.637994 0.642036 0.634171 0.640269 0.630045 0.641479 0.637857 0.633836
0.680465 0.684639 0.681127 0.682695 0.683774 0.692350 0.680024 0.682919 0.678082 0.679359
0.589159 0.595155 0.600000 0.593629 0.598505 0.600289 0.587276 0.601635 0.599856 0.592036
0.700960 0.696317 0.694166 0.696588 0.695571 0.697749 0.694472 0.697204 0.695351 0.694105
0.700221 0.697922 0.699691 0.701464 0.698961 0.701346 0.694739 0.701770 0.692699 0.695788
0.592978 0.596873 0.608229 0.607955 0.604265 0.604939 0.598370 0.602171 0.600164 0.607463
0.543454 0.552932 0.553343 0.552602 0.558754 0.550614 0.542714 0.550881 0.544492 0.550411
0.547124 0.539966 0.541202 0.544095 0.552762 0.551523 0.545683 0.544787 0.546661 0.545546
0.608990 0.604623 0.611780 0.613767 0.607186 0.616645 0.603002 0.612457 0.608539 0.611671
0.515213 0.519105 0.516995 0.512763 0.514688 0.526113 0.515627 0.513718 0.510693 0.518175
0.718034 0.716980 0.720113 0.724368 0.721053 0.720375 0.714832 0.722853 0.724266 0.718571
0.610870 0.618911 0.613001 0.616458 0.613359 0.616822 0.607267 0.612263 0.619357 0.614461
0.700420 0.699433 0.703441 0.704611 0.699189 0.698236 0.693934 0.704612 0.698972 0.695760
0.796738 0.789897 0.792188 0.794776 0.797315 0.795028 0.793925 0.793238 0.794869 0.796526
0.583152 0.580627 0.589954 0.586318 0.589630 0.591692 0.583970 0.591838 0.593093 0.589144
0.726487 0.728462 0.727264 0.744444 0.727505 0.727477 0.731501 0.736861 0.739666 0.726610
0.744426 0.742347 0.747252 0.744135 0.736303 0.745115 0.742966 0.753189 0.742599 0.744230
0.734977 0.737698 0.734571 0.736354 0.737139 0.737881 0.737030 0.733834 0.734422 0.734394
0.559799 0.563874 0.562168 0.552950 0.558210 0.559926 0.548390 0.569220 0.566742 0.557036
0.669538 0.678813 0.673415 0.663504 0.672383 0.669211 0.664098 0.677926 0.667460 0.670475
0.773038 0.776144 0.782753 0.774157 0.780628 0.781240 0.779373 0.773049 0.770885 0.773791
0.678094 0.672073 0.678105 0.679051 0.682448 0.679178 0.673758 0.680503 0.674186 0.675269
0.756241 0.759685 0.762720 0.761747 0.761222 0.763321 0.760356 0.761691 0.755994 0.761348
0.733542 0.735458 0.742581 0.738678 0.736717 0.733523 0.731118 0.740087 0.733804 0.736922
0.607963 0.613999 0.621944 0.614459 0.617246 0.618577 0.608237 0.621929 0.606818 0.603824
0.850266 0.846691 0.850200 0.851553 0.847804 0.841788 0.852194 0.851447 0.850767 0.852408
0.701727 0.697031 0.701570 0.705779 0.699790 0.704437 0.701665 0.709299 0.700569 0.696841
0.820990 0.819133 0.826524 0.828404 0.823719 0.822284 0.821087 0.827340 0.821587 0.820453
0.651088 0.648013 0.650534 0.651103 0.644720 0.643767 0.641103 0.653688 0.644265 0.645747
0.743891 0.746446 0.749289 0.757079 0.743957 0.746414 0.746727 0.745414 0.750931 0.746046
0.642676 0.645013 0.629785 0.648596 0.649057 0.647092 0.649267 0.643145 0.629906 0.642265
0.747141 0.737993 0.742697 0.743894 0.731680 0.738188 0.734475 0.744523 0.745293 0.740688
0.760159 0.767905 0.767871 0.755676 0.756060 0.770085 0.760947 0.763562 0.758300 0.761382
0.630917 0.622240 0.623422 0.632177 0.629382 0.631003 0.628767 0.629279 0.626846 0.629925
0.687020 0.685921 0.688502 0.690083 0.685193 0.688312 0.684319 0.690717 0.681879 0.686367
0.740262 0.736785 0.738852 0.743795 0.739981 0.739893 0.739968 0.738702 0.740602 0.738667
0.794119 0.786926 0.790091 0.791204 0.786475 0.790061 0.791433 0.789358 0.789678 0.783479
0.742202 0.744713 0.747257 0.741357 0.746204 0.749976 0.746070 0.746067 0.744894 0.742551
0.680909 0.681934 0.685072 0.684231 0.680836 0.681052 0.677988 0.680359 0.679856 0.681658
0.833556 0.826187 0.830008 0.830178 0.829699 0.829439 0.829930 0.831706 0.832114 0.829907
0.720045 0.717516 0.718642 0.721720 0.719529 0.711627 0.714760 0.712027 0.716256 0.712058
0.739332 0.735594 0.734498 0.741443 0.735253 0.735556 0.732856 0.739394 0.734246 0.733564
0.693187 0.691774 0.699382 0.700389 0.691138 0.694299 0.699452 0.700637 0.705136 0.689530
0.686576 0.684458 0.684611 0.688361 0.682744 0.683844 0.684795 0.684886 0.686915 0.685859
0.821071 0.823035 0.823365 0.821022 0.819678 0.823142 0.821888 0.823437 0.822670 0.823531
0.758231 0.751150 0.751294 0.757349 0.747461 0.753076 0.750718 0.752359 0.750403 0.749192
0.682773 0.684989 0.679151 0.679204 0.679324 0.681275 0.679764 0.683285 0.676289 0.677348
0.648457 0.644038 0.647977 0.640437 0.653382 0.642041 0.632263 0.639805 0.643732 0.646125
0.558930 0.552178 0.543832 0.553476 0.550287 0.554648 0.564299 0.550046 0.543970 0.549905
0.668588 0.679958 0.682935 0.680043 0.678622 0.681913 0.669501 0.682042 0.680486 0.677914
0.738413 0.738636 0.734819 0.735917 0.734927 0.732301 0.731748 0.732334 0.730034 0.728509
0.640721 0.634898 0.637018 0.635087 0.641770 0.640928 0.640688 0.634947 0.634025 0.638069
0.821398 0.817755 0.824875 0.826181 0.818750 0.821474 0.817172 0.813339 0.829593 0.818564
0.842371 0.840878 0.838629 0.840648 0.844152 0.849391 0.840436 0.843416 0.845646 0.846047
0.804112 0.798102 0.802687 0.804827 0.803499 0.804173 0.798214 0.798939 0.797679 0.803150
0.678373 0.676768 0.672889 0.675051 0.675093 0.674654 0.673874 0.673006 0.674242 0.674060
0.645437 0.657116 0.663434 0.648869 0.651750 0.654719 0.654278 0.653601 0.649810 0.650046
0.541924 0.544105 0.541530 0.545856 0.547502 0.537153 0.529328 0.539876 0.542062 0.542790
0.618458 0.627807 0.626626 0.620287 0.630887 0.628995 0.627619 0.629735 0.630859 0.627850
0.569110 0.563949 0.561535 0.559979 0.563574 0.568650 0.561059 0.549900 0.561103 0.564271
0.697078 0.690916 0.699827 0.692374 0.693281 0.692149 0.690179 0.695227 0.693559 0.696571
0.741466 0.739321 0.738342 0.739333 0.750977 0.736930 0.732612 0.746283 0.738095 0.735305
0.691163 0.693256 0.691450 0.683076 0.692199 0.694056 0.692073 0.687776 0.688374 0.678407
0.861765 0.865251 0.865228 0.864942 0.862873 0.868145 0.868495 0.862649 0.866157 0.863120
0.800283 0.807968 0.814340 0.808392 0.814207 0.810284 0.807537 0.816574 0.807559 0.815085
0.825499 0.822250 0.824811 0.821268 0.824532 0.829557 0.821669 0.824823 0.820012 0.827389
0.851724 0.843010 0.842669 0.844783 0.850273 0.848519 0.851517 0.847475 0.846792 0.848793
0.838130 0.838448 0.847975 0.834560 0.841101 0.838889 0.839012 0.838667 0.838704 0.838061
0.813666 0.809236 0.813921 0.809339 0.809075 0.808917 0.814698 0.810626 0.813556 0.817498
0.839244 0.835358 0.841995 0.837229 0.844145 0.844183 0.844335 0.838615 0.844818 0.843388
0.828583 0.822490 0.830163 0.833753 0.827728 0.837016 0.832586 0.834174 0.832099 0.829660
0.784244 0.787544 0.787911 0.783627 0.796908 0.794826 0.787248 0.786720 0.785269 0.783237
0.762123 0.767916 0.764946 0.754879 0.756764 0.754638 0.761943 0.765074 0.766095 0.765007
0.813607 0.811477 0.821814 0.819805 0.817524 0.826333 0.824935 0.816300 0.816891 0.816693
0.792095 0.787015 0.805462 0.796824 0.796534 0.796222 0.793336 0.797196 0.802359 0.796024
0.803762 0.799560 0.805312 0.811246 0.803709 0.818480 0.808232 0.803749 0.802417 0.809299
0.744215 0.751752 0.735318 0.749394 0.747390 0.742876 0.746936 0.751550 0.742051 0.741069
0.760829 0.762872 0.757005 0.757361 0.762533 0.764768 0.764487 0.749064 0.760749 0.763001
0.783523 0.781886 0.789594 0.787687 0.781967 0.792596 0.787558 0.783097 0.788968 0.789647
0.747061 0.739715 0.745783 0.746132 0.741093 0.741307 0.743074 0.744033 0.743586 0.735470
0.765818 0.766868 0.765962 0.768806 0.763080 0.768285 0.766821 0.770258 0.770082 0.762655
0.795255 0.793264 0.801562 0.801477 0.797526 0.804928 0.794310 0.793400 0.796767 0.797765
0.648541 0.650243 0.648349 0.651280 0.640925 0.653488 0.650702 0.652059 0.642190 0.662086
0.819994 0.816393 0.822258 0.821215 0.816335 0.815458 0.819538 0.815165 0.815498 0.822717
0.775674 0.782493 0.779181 0.781020 0.786623 0.780269 0.776264 0.783426 0.783760 0.778405
0.675472 0.679641 0.666844 0.672507 0.671107 0.675727 0.671375 0.671959 0.655565 0.662454
0.737605 0.716190 0.735609 0.728230 0.731393 0.732052 0.724392 0.718066 0.732149 0.747254
0.747381 0.751545 0.746694 0.743437 0.746120 0.746346 0.747909 0.740327 0.747084 0.749310
0.680838 0.683285 0.677963 0.685322 0.683809 0.687148 0.678752 0.680766 0.686228 0.688312
0.737757 0.731767 0.730203 0.737233 0.726006 0.740696 0.728260 0.733655 0.737829 0.732873
0.829772 0.823136 0.828320 0.829352 0.832285 0.833122 0.826716 0.828198 0.834411 0.830289
0.822596 0.816823 0.822083 0.828104 0.823002 0.830151 0.828647 0.824892 0.830649 0.822849
0.726337 0.718937 0.719197 0.718443 0.719834 0.728259 0.715807 0.724916 0.736207 0.730865
0.845809 0.841116 0.842311 0.846485 0.845352 0.842712 0.840838 0.844047 0.843447 0.845247
0.825468 0.826151 0.829424 0.831682 0.832317 0.829083 0.826309 0.829097 0.827895 0.830884
0.824645 0.818405 0.824245 0.830097 0.829382 0.826905 0.823756 0.828833 0.827904 0.823976
0.825108 0.822668 0.823547 0.824959 0.828005 0.825005 0.825152 0.823997 0.826219 0.823258
0.806523 0.800195 0.804806 0.800129 0.808112 0.800690 0.802050 0.793657 0.804149 0.808681
0.801078 0.797925 0.800501 0.801834 0.800754 0.799778 0.797864 0.802483 0.797397 0.799127
0.823354 0.821188 0.833425 0.824822 0.820723 0.829232 0.828694 0.831582 0.819344 0.826104
0.845851 0.849545 0.855359 0.850175 0.851112 0.850274 0.843709 0.846211 0.843502 0.850355
0.816566 0.816771 0.827865 0.826213 0.831323 0.828643 0.828979 0.831611 0.833357 0.830268
0.797015 0.792864 0.801619 0.796448 0.794192 0.795649 0.798506 0.801575 0.794482 0.795955
0.830299 0.826218 0.834235 0.829169 0.833560 0.829020 0.826478 0.828054 0.827936 0.827931
0.820488 0.817538 0.828695 0.820783 0.825209 0.819447 0.829295 0.821112 0.824082 0.822417
0.799513 0.799584 0.804518 0.801409 0.798671 0.798325 0.796315 0.795810 0.798933 0.799982
0.839542 0.832378 0.838139 0.836507 0.833779 0.841639 0.835273 0.831721 0.834300 0.837941
0.811798 0.810060 0.811657 0.812031 0.809671 0.811636 0.808186 0.814677 0.811913 0.809266
0.752239 0.736203 0.750481 0.741186 0.753551 0.746434 0.739113 0.743687 0.755719 0.747176
0.808852 0.808799 0.821916 0.815591 0.810111 0.811796 0.814407 0.814562 0.811019 0.817407
0.762850 0.762981 0.765387 0.757171 0.759004 0.756735 0.760763 0.759942 0.759738 0.755950
0.848681 0.855361 0.853965 0.850516 0.851445 0.852019 0.856867 0.848859 0.854304 0.851320
0.812989 0.806826 0.815076 0.806372 0.810731 0.802036 0.803910 0.810794 0.804591 0.813804
0.806395 0.814561 0.807360 0.817909 0.814556 0.813563 0.817999 0.813778 0.817452 0.815567
0.805141 0.802894 0.814804 0.807143 0.812837 0.815613 0.810771 0.815646 0.813710 0.807103
0.810799 0.808517 0.810730 0.807006 0.808902 0.810738 0.816848 0.800911 0.807238 0.803317
0.827967 0.820990 0.832410 0.825710 0.823817 0.826277 0.818113 0.831677 0.824625 0.822980
0.826231 0.823603 0.835626 0.827593 0.830491 0.831839 0.828199 0.827562 0.825728 0.828131
0.777332 0.776701 0.778501 0.779238 0.780279 0.779625 0.783080 0.778393 0.782194 0.778200
0.788544 0.787815 0.790932 0.797254 0.792615 0.797927 0.796123 0.790331 0.791062 0.787468
0.786319 0.777568 0.789648 0.781429 0.780616 0.787131 0.784130 0.786502 0.785742 0.785789
0.807857 0.805649 0.809859 0.800637 0.807568 0.805143 0.806362 0.802484 0.807952 0.809610
0.813574 0.818417 0.826033 0.816292 0.814229 0.819713 0.818030 0.820737 0.825258 0.817812
0.831477 0.827584 0.831209 0.830637 0.834393 0.833256 0.831333 0.828805 0.834511 0.833990
0.802708 0.801495 0.809259 0.802391 0.809301 0.806469 0.812547 0.801832 0.803579 0.806490
0.794376 0.798604 0.802735 0.799956 0.797585 0.799911 0.795447 0.795965 0.795942 0.801479
0.815009 0.815859 0.826540 0.818052 0.823469 0.818182 0.819818 0.818117 0.826632 0.825699
0.796846 0.795443 0.793316 0.790356 0.796263 0.790261 0.790568 0.795339 0.798818 0.790656
0.776993 0.776049 0.778483 0.778169 0.774656 0.778033 0.778789 0.778020 0.785609 0.778645
0.794134 0.792224 0.799179 0.799725 0.798570 0.801717 0.803322 0.798176 0.801956 0.800204
0.791479 0.795158 0.789895 0.792438 0.786400 0.791840 0.790845 0.788585 0.790505 0.790552
0.728369 0.724412 0.720978 0.725661 0.725473 0.720195 0.715365 0.730572 0.722164 0.723239
0.807927 0.809590 0.823272 0.813344 0.812900 0.822288 0.819734 0.820873 0.821970 0.828116
0.797436 0.797913 0.801248 0.798192 0.792322 0.800124 0.789062 0.793813 0.799094 0.801176
0.740921 0.751634 0.744752 0.738769 0.735408 0.745534 0.745212 0.745382 0.744525 0.742773
0.753046 0.741459 0.754930 0.749399 0.745361 0.750911 0.747782 0.746759 0.752951 0.756628
0.796764 0.800681 0.804224 0.796635 0.799397 0.804208 0.804895 0.799879 0.811311 0.799642
0.795415 0.792935 0.799974 0.797752 0.797007 0.798768 0.799084 0.796761 0.795985 0.796673
0.726967 0.725522 0.737416 0.730135 0.736529 0.731737 0.720652 0.718818 0.724769 0.722151
0.811247 0.799680 0.807013 0.810932 0.804715 0.813979 0.813498 0.799081 0.808946 0.810394
0.763420 0.765418 0.764910 0.769204 0.767720 0.769860 0.768157 0.763853 0.764934 0.766108
0.613249 0.625055 0.622238 0.621608 0.622254 0.624946 0.619292 0.628760 0.621087 0.625519
0.745221 0.751044 0.746120 0.742810 0.748601 0.763882 0.750218 0.756190 0.737748 0.748623
0.739911 0.729391 0.722727 0.728490 0.735684 0.728536 0.728736 0.738797 0.722363 0.735396
0.800163 0.796463 0.804072 0.796467 0.802801 0.806192 0.792616 0.798163 0.801704 0.799291
0.689773 0.691320 0.690761 0.688102 0.693048 0.688829 0.689164 0.689134 0.686301 0.688700
0.747287 0.738630 0.738245 0.737723 0.735456 0.746292 0.743127 0.739233 0.741740 0.736134
0.698305 0.695136 0.691082 0.704190 0.705197 0.709205 0.696861 0.694728 0.695817 0.711591
0.625120 0.624095 0.622326 0.630973 0.632521 0.622667 0.622516 0.627080 0.623977 0.629862
0.665900 0.661552 0.663021 0.662117 0.658265 0.664634 0.664263 0.660097 0.665671 0.659876
0.754909 0.757283 0.755346 0.757242 0.752158 0.761498 0.753808 0.756237 0.757691 0.758413
0.588452 0.604132 0.590529 0.592373 0.593415 0.595876 0.590889 0.598488 0.596758 0.589474
0.723043 0.716890 0.721456 0.715247 0.718146 0.721291 0.718940 0.717143 0.718571 0.723180
0.775472 0.767848 0.785249 0.766473 0.775373 0.773522 0.773104 0.770059 0.787167 0.776486
0.728412 0.733477 0.729174 0.731826 0.727745 0.733028 0.725246 0.727880 0.732258 0.730882
0.653241 0.658795 0.661602 0.649797 0.649133 0.664089 0.650971 0.653127 0.656084 0.660378
0.738614 0.739969 0.750000 0.739467 0.744925 0.753305 0.742987 0.737145 0.735642 0.745639
0.759982 0.763405 0.765925 0.761651 0.752585 0.760531 0.767997 0.756233 0.765332 0.766358
0.648040 0.644277 0.645000 0.643111 0.651429 0.645609 0.646530 0.651154 0.651852 0.649376
0.744436 0.740661 0.744689 0.746001 0.751739 0.745461 0.741334 0.744670 0.747220 0.751433
0.682695 0.681424 0.682138 0.683405 0.681993 0.683398 0.681810 0.679992 0.682554 0.683507
0.757578 0.761559 0.755806 0.754964 0.748393 0.746242 0.751254 0.754332 0.759280 0.750181
0.596014 0.607602 0.600064 0.598462 0.600867 0.606671 0.591566 0.597548 0.601769 0.596280
0.641480 0.644437 0.637525 0.630323 0.636866 0.647209 0.638098 0.651149 0.628918 0.640572
0.671616 0.667765 0.668072 0.663525 0.664408 0.667547 0.653801 0.672402 0.660098 0.666996
0.718133 0.713875 0.718046 0.719856 0.710480 0.716158 0.719559 0.714631 0.715224 0.717439
0.731445 0.737792 0.736249 0.729921 0.740793 0.742421 0.736637 0.739415 0.735469 0.738826
0.661336 0.662746 0.651225 0.654180 0.665051 0.670370 0.657420 0.666576 0.656229 0.664710
0.772469 0.765157 0.774123 0.771835 0.771429 0.774977 0.772964 0.774451 0.774247 0.773994
0.813558 0.814763 0.815060 0.811516 0.812688 0.819440 0.810303 0.808791 0.809304 0.811079
0.778049 0.774511 0.770869 0.769297 0.771777 0.771677 0.773959 0.770282 0.779098 0.774877
0.731245 0.720858 0.728434 0.722907 0.724740 0.718189 0.731952 0.722532 0.722806 0.714453
0.731863 0.745327 0.740158 0.737908 0.738878 0.732314 0.729672 0.740751 0.744054 0.727523
0.703057 0.718741 0.720486 0.706852 0.709779 0.707634 0.706914 0.714404 0.697768 0.709308
0.765499 0.760297 0.762889 0.756161 0.761466 0.763341 0.757842 0.763786 0.755669 0.762450
0.734412 0.743440 0.738423 0.743855 0.743199 0.751390 0.743665 0.735411 0.731379 0.744779
0.770650 0.759335 0.764516 0.755739 0.774885 0.772087 0.767909 0.772788 0.769454 0.778558
0.669341 0.655388 0.657490 0.660023 0.651986 0.657650 0.657804 0.658125 0.654618 0.658607
0.769961 0.772790 0.777784 0.770225 0.770054 0.770012 0.770892 0.771374 0.769569 0.776780
0.601906 0.612457 0.615062 0.613281 0.598062 0.603777 0.595451 0.610788 0.600336 0.606217
0.817990 0.816161 0.814595 0.813481 0.814687 0.816606 0.813004 0.815889 0.814694 0.812843
0.677631 0.673017 0.674934 0.679219 0.680086 0.677244 0.673088 0.676072 0.678133 0.672989
0.649138 0.645516 0.638614 0.637058 0.651603 0.647347 0.642590 0.648102 0.638618 0.649180
0.741922 0.735852 0.749716 0.730404 0.744578 0.743087 0.733786 0.738784 0.738667 0.733956
0.792162 0.793259 0.799376 0.788284 0.798168 0.798722 0.799501 0.791519 0.789926 0.798137
0.759549 0.765098 0.758637 0.762723 0.758833 0.759522 0.762712 0.756963 0.762550 0.765004
0.678366 0.676187 0.685522 0.670225 0.682232 0.689401 0.670529 0.673202 0.675981 0.681140
0.758119 0.750409 0.761555 0.749808 0.753511 0.757155 0.754100 0.754323 0.758365 0.752406
0.600359 0.598986 0.586960 0.585630 0.594236 0.589406 0.593092 0.598325 0.587743 0.595186
0.751721 0.747774 0.750390 0.744673 0.745324 0.748368 0.748324 0.752070 0.740548 0.733081
0.669245 0.668666 0.674631 0.667770 0.664305 0.668349 0.671055 0.668596 0.656536 0.668883
0.610902 0.597700 0.594804 0.597143 0.605446 0.601555 0.589546 0.599525 0.596104 0.594014
0.705200 0.702933 0.696401 0.704967 0.704690 0.707720 0.701444 0.701856 0.701442 0.712435
0.746658 0.745593 0.742461 0.749271 0.748886 0.751232 0.746075 0.737084 0.745003 0.745261
0.781295 0.781210 0.780748 0.777838 0.778883 0.780684 0.780367 0.779226 0.783428 0.776703
0.773284 0.767431 0.770605 0.766694 0.763800 0.768342 0.763106 0.763563 0.768198 0.764826
0.759417 0.750226 0.751160 0.750000 0.749075 0.750484 0.746456 0.747548 0.737267 0.748073
0.732701 0.742167 0.742474 0.728663 0.743958 0.739830 0.735576 0.742992 0.741833 0.737321
0.675139 0.671340 0.674018 0.660138 0.669666 0.668122 0.667955 0.672330 0.661533 0.664894
0.651273 0.657330 0.654880 0.658669 0.661740 0.646425 0.663149 0.664280 0.651821 0.658491
0.719081 0.729713 0.728261 0.727152 0.729189 0.735966 0.721489 0.732669 0.729276 0.730000
0.651907 0.655355 0.651461 0.661817 0.658488 0.660579 0.648756 0.664917 0.652466 0.657009
0.708932 0.710733 0.717831 0.714286 0.707479 0.713636 0.705352 0.702588 0.710102 0.718820
0.667396 0.670926 0.668462 0.668450 0.664091 0.671551 0.661670 0.666408 0.668219 0.667144
0.848560 0.846051 0.853907 0.855480 0.845206 0.848881 0.853219 0.847306 0.858153 0.852712
0.808496 0.802387 0.811254 0.809174 0.806849 0.810336 0.812031 0.807177 0.812670 0.807885
0.544894 0.545244 0.549110 0.542771 0.541229 0.544715 0.541741 0.543476 0.551229 0.533088
0.706078 0.720730 0.723903 0.715469 0.707470 0.728889 0.714395 0.719452 0.715237 0.715035
0.704637 0.713304 0.699611 0.699026 0.706595 0.717096 0.709327 0.704778 0.712208 0.696491
0.645385 0.646630 0.646558 0.640611 0.639805 0.644415 0.635216 0.647458 0.644784 0.649177
0.739616 0.734827 0.738440 0.740176 0.740286 0.740855 0.737826 0.741999 0.736548 0.741427
0.674711 0.671659 0.679300 0.672214 0.667827 0.673840 0.665154 0.674558 0.675000 0.672563
0.705670 0.693473 0.702953 0.704622 0.697297 0.698278 0.702654 0.697130 0.699721 0.699524
0.781409 0.768320 0.777150 0.776062 0.776992 0.772981 0.775093 0.773838 0.773001 0.778438
0.765584 0.764720 0.762667 0.763730 0.760941 0.762818 0.762855 0.766996 0.764281 0.761290
0.689835 0.689337 0.699643 0.680050 0.690598 0.689692 0.681127 0.685643 0.683402 0.683209
0.786381 0.778804 0.773957 0.775878 0.765545 0.772693 0.775179 0.774712 0.778066 0.783192
0.742469 0.743557 0.746253 0.749876 0.745991 0.744812 0.746857 0.742403 0.746421 0.743235
0.650614 0.651570 0.650317 0.647719 0.637821 0.652295 0.635609 0.656250 0.643478 0.646527
0.725330 0.720124 0.725107 0.719855 0.714882 0.724117 0.714440 0.723002 0.724294 0.714680
0.711751 0.715097 0.717476 0.715812 0.711708 0.714169 0.713981 0.711858 0.722983 0.716117
0.832937 0.833622 0.827645 0.828703 0.828631 0.829058 0.832426 0.830087 0.829896 0.835551
0.825713 0.828090 0.832571 0.830803 0.828678 0.823199 0.824290 0.831742 0.827477 0.827199
0.714110 0.714981 0.718224 0.708724 0.713333 0.715977 0.712792 0.714724 0.712390 0.718001
0.714077 0.712323 0.711790 0.708112 0.711101 0.720824 0.710877 0.716710 0.718966 0.713363
0.781352 0.767316 0.776279 0.773540 0.758642 0.772276 0.782053 0.766350 0.756321 0.769835
0.758224 0.758792 0.755967 0.752488 0.758909 0.756929 0.759156 0.758303 0.763802 0.758456
0.694561 0.699120 0.696169 0.697314 0.697287 0.702975 0.695707 0.689992 0.695756 0.693807
0.636453 0.636986 0.644903 0.638599 0.635058 0.645641 0.625078 0.635554 0.642582 0.629207
0.697424 0.682103 0.690918 0.685513 0.689862 0.685157 0.688183 0.699537 0.689446 0.692586
0.624934 0.634486 0.630403 0.622077 0.632596 0.623339 0.621659 0.633605 0.628247 0.640995
0.796152 0.795647 0.800260 0.791420 0.796771 0.797197 0.795917 0.792002 0.797300 0.802981
0.727435 0.725370 0.725652 0.735985 0.719470 0.735612 0.725247 0.724335 0.713801 0.717883
0.807341 0.807224 0.806825 0.806184 0.793444 0.809204 0.804085 0.809570 0.805034 0.804405
0.827327 0.828986 0.832969 0.834371 0.827239 0.829585 0.830673 0.832040 0.833261 0.831626
0.706818 0.704852 0.711910 0.702600 0.707997 0.703966 0.715750 0.712926 0.703282 0.695764
0.755522 0.748047 0.760455 0.755498 0.756929 0.754180 0.758718 0.750117 0.746940 0.755920
0.637302 0.640833 0.642789 0.639543 0.645576 0.642353 0.638142 0.647355 0.637931 0.639067
0.613153 0.618887 0.618055 0.614889 0.613702 0.612056 0.607487 0.615529 0.609443 0.616635
0.671899 0.676612 0.680108 0.675981 0.682891 0.680632 0.680014 0.671625 0.687549 0.684286
0.670821 0.667601 0.670111 0.670538 0.671024 0.669695 0.670739 0.673784 0.665786 0.672106
0.692313 0.683624 0.694973 0.690599 0.685843 0.696138 0.687240 0.696820 0.692244 0.697472
0.643482 0.643249 0.637350 0.640369 0.634948 0.639796 0.635762 0.641007 0.638658 0.632747
0.790387 0.793577 0.793962 0.791645 0.789428 0.792763 0.795842 0.791524 0.799034 0.801672
0.551535 0.557816 0.564942 0.555071 0.554824 0.559920 0.552808 0.563415 0.564733 0.558764
0.726545 0.726169 0.725538 0.728372 0.720991 0.729949 0.724004 0.727929 0.727818 0.715841
0.462220 0.466867 0.466900 0.461652 0.459643 0.468761 0.452672 0.471417 0.461545 0.467219
0.655542 0.657559 0.658260 0.660236 0.654914 0.659023 0.650041 0.652411 0.653531 0.662240
0.584816 0.578708 0.584607 0.581527 0.579452 0.571629 0.583167 0.578835 0.579451 0.573939
0.663861 0.647208 0.648937 0.654997 0.657646 0.651527 0.667082 0.664446 0.647601 0.653722
0.753735 0.748975 0.753437 0.756980 0.752865 0.751661 0.754275 0.746540 0.748255 0.751541
0.801170 0.801932 0.806036 0.798416 0.800875 0.801980 0.798974 0.805799 0.799579 0.804619
0.700613 0.706683 0.703260 0.705486 0.695883 0.703247 0.693895 0.709608 0.690823 0.705437
0.756816 0.755143 0.761700 0.758196 0.761865 0.767842 0.755223 0.760456 0.763968 0.756785
0.726340 0.722511 0.727679 0.721276 0.721520 0.729764 0.722168 0.721857 0.727056 0.713691
0.803110 0.784894 0.800684 0.798932 0.795401 0.795912 0.799072 0.798003 0.804585 0.799847
0.823283 0.818912 0.823799 0.820410 0.819985 0.818842 0.820895 0.823301 0.821331 0.823939
0.717470 0.714129 0.719118 0.723366 0.721066 0.720513 0.718534 0.718052 0.717331 0.721633
0.723139 0.722001 0.721316 0.716771 0.715922 0.719759 0.719265 0.723659 0.725330 0.726510
0.789821 0.782135 0.785327 0.781297 0.788415 0.781763 0.780885 0.776303 0.784610 0.781080
0.742411 0.746975 0.750172 0.747816 0.742760 0.756605 0.751223 0.749440 0.752821 0.746836
0.845282 0.844490 0.845339 0.849639 0.844786 0.841399 0.843248 0.850085 0.845689 0.846589
0.666869 0.662659 0.666364 0.675665 0.673212 0.678732 0.671247 0.679146 0.673029 0.676991
0.706485 0.708943 0.702667 0.715459 0.707473 0.716613 0.700626 0.711623 0.707733 0.705584
0.787958 0.778959 0.790538 0.786890 0.786774 0.791092 0.785032 0.789130 0.785964 0.784789
0.823468 0.825204 0.830585 0.831212 0.823547 0.823958 0.823975 0.827744 0.835752 0.830547
0.690670 0.688293 0.690644 0.682655 0.673710 0.677839 0.678002 0.685456 0.685928 0.680050
0.724012 0.723198 0.725103 0.731570 0.724848 0.722256 0.727464 0.722095 0.730727 0.718868
0.699075 0.713960 0.712672 0.701082 0.706639 0.695825 0.704098 0.712745 0.701302 0.700069
0.768326 0.757272 0.766604 0.763462 0.758821 0.766494 0.761711 0.765479 0.756320 0.758496
0.807692 0.806202 0.810355 0.804138 0.802960 0.803748 0.804099 0.803451 0.805687 0.807070
0.766003 0.777147 0.772086 0.781818 0.769135 0.778349 0.773663 0.777610 0.769636 0.771902
0.726059 0.725083 0.720860 0.711911 0.717365 0.729245 0.720761 0.720039 0.719469 0.725607
0.708571 0.691039 0.697679 0.697820 0.700664 0.689711 0.704811 0.711849 0.704312 0.704606
0.687900 0.693042 0.696233 0.685854 0.697421 0.690105 0.690092 0.688543 0.693125 0.687877
0.720068 0.708011 0.716165 0.708297 0.712758 0.724087 0.714972 0.709277 0.719423 0.712900
0.713391 0.721597 0.720066 0.711471 0.712134 0.719442 0.713856 0.716387 0.720961 0.726786
0.767912 0.747837 0.772075 0.754538 0.753015 0.749569 0.763644 0.761880 0.758040 0.755575
0.729636 0.731575 0.731260 0.728882 0.741681 0.734922 0.729721 0.738389 0.728738 0.739529
0.754894 0.762483 0.763265 0.752340 0.749830 0.750661 0.752662 0.751272 0.759233 0.758824
0.762073 0.764198 0.764727 0.755461 0.760374 0.768313 0.758274 0.758734 0.758126 0.761816
0.730927 0.730897 0.732423 0.727368 0.726435 0.729011 0.730876 0.739204 0.733430 0.732873
0.723568 0.735243 0.723871 0.725327 0.720500 0.718351 0.727651 0.717414 0.719745 0.718659
0.792199 0.786579 0.793742 0.789875 0.789814 0.788201 0.792954 0.793567 0.788459 0.787660
0.594192 0.595963 0.599337 0.598060 0.597877 0.594001 0.602980 0.601013 0.586054 0.592451
0.775518 0.771043 0.771095 0.773316 0.770968 0.775498 0.768701 0.779701 0.765302 0.770631
0.627701 0.626232 0.617977 0.608966 0.614273 0.616338 0.615893 0.609121 0.617597 0.622319
0.698084 0.702234 0.697378 0.694817 0.693202 0.699840 0.698808 0.701875 0.690579 0.700718
0.689118 0.693758 0.687525 0.688977 0.682677 0.690489 0.692347 0.681932 0.696176 0.697724
0.612181 0.610642 0.616301 0.612030 0.613547 0.616541 0.617915 0.612443 0.616522 0.613516
0.543375 0.544004 0.543113 0.551624 0.533927 0.556285 0.543068 0.531384 0.535068 0.554768
0.713923 0.709276 0.709640 0.713230 0.712171 0.713239 0.709406 0.710643 0.713135 0.714648
0.760746 0.765415 0.766818 0.766073 0.763536 0.769709 0.771379 0.771613 0.766817 0.764967
0.764911 0.757919 0.757459 0.761510 0.766482 0.765810 0.768057 0.763094 0.765565 0.762981
0.684568 0.680365 0.684836 0.677208 0.680894 0.678937 0.674416 0.673669 0.679922 0.674563
0.804050 0.797425 0.797333 0.802103 0.798086 0.798995 0.794546 0.799957 0.798111 0.796733
0.553519 0.552504 0.548606 0.560133 0.543443 0.547167 0.548120 0.546964 0.548276 0.557111
0.703974 0.697289 0.701807 0.699302 0.692298 0.701359 0.695821 0.706418 0.695020 0.704976
0.770916 0.767523 0.774335 0.771909 0.764286 0.775745 0.769479 0.770208 0.769923 0.770461
0.817914 0.816066 0.814257 0.807450 0.812561 0.811667 0.814930 0.813580 0.811422 0.807165
0.732888 0.742422 0.735109 0.736790 0.737228 0.734851 0.726189 0.738060 0.732078 0.731656
0.626801 0.616007 0.633277 0.613178 0.617391 0.628768 0.619931 0.612406 0.622366 0.617486
0.733875 0.729327 0.738639 0.733281 0.728224 0.731946 0.739502 0.732719 0.730338 0.728443
0.614703 0.621615 0.625514 0.609375 0.593101 0.619918 0.607880 0.606651 0.600383 0.605204
0.771995 0.774885 0.781020 0.775150 0.773266 0.774139 0.775445 0.778608 0.776384 0.772723
0.761383 0.751334 0.764382 0.763690 0.761442 0.757501 0.755872 0.760317 0.757600 0.761613
0.716832 0.721503 0.710959 0.707580 0.712256 0.710105 0.713472 0.719154 0.714651 0.717170
0.828995 0.829371 0.829798 0.826592 0.829451 0.828943 0.831273 0.831164 0.833027 0.831234
0.681303 0.673446 0.683927 0.669659 0.669098 0.683312 0.673896 0.677735 0.676172 0.686111
0.783866 0.778701 0.789800 0.787193 0.791334 0.779761 0.787550 0.784235 0.795181 0.797718
0.590735 0.596975 0.602041 0.588235 0.589489 0.602019 0.597608 0.596838 0.575181 0.590221
0.750024 0.753825 0.753422 0.750362 0.746469 0.753023 0.748090 0.752949 0.749683 0.751543
0.705748 0.696336 0.709318 0.711073 0.720187 0.702461 0.704812 0.716377 0.702190 0.690490
0.569737 0.568647 0.574843 0.571783 0.561552 0.565112 0.565233 0.570294 0.560302 0.559909
0.648403 0.651197 0.652979 0.662071 0.662168 0.647450 0.660993 0.660658 0.649825 0.657511
0.636017 0.634663 0.638289 0.627005 0.635801 0.633686 0.615472 0.637002 0.633198 0.624418
0.578744 0.574464 0.590823 0.578073 0.583865 0.577799 0.555691 0.579040 0.574231 0.581714
0.740147 0.741232 0.748332 0.734398 0.736916 0.749434 0.745598 0.747473 0.740302 0.746108
0.747102 0.744444 0.748488 0.743855 0.739838 0.734612 0.739946 0.752706 0.738527 0.746295
0.646047 0.647896 0.644171 0.645934 0.636235 0.641643 0.648128 0.639180 0.640998 0.651412
0.772782 0.769884 0.778485 0.763672 0.767598 0.768858 0.765686 0.768880 0.761905 0.765059
0.795686 0.792509 0.793799 0.785814 0.786706 0.784689 0.789228 0.795011 0.792767 0.791835
0.770665 0.771096 0.774267 0.773448 0.766597 0.769133 0.768452 0.772568 0.762385 0.768452
0.737894 0.738113 0.739040 0.740356 0.731802 0.738057 0.734590 0.728528 0.734541 0.733437
0.761252 0.763833 0.769373 0.761038 0.761245 0.761801 0.756718 0.758418 0.757953 0.766865
0.821486 0.818667 0.823342 0.821284 0.818171 0.818936 0.818814 0.824820 0.818532 0.818502
0.681384 0.679259 0.681139 0.680756 0.688192 0.668263 0.683272 0.681300 0.683036 0.672444
0.754774 0.750660 0.760745 0.761638 0.755690 0.751871 0.757243 0.755930 0.749002 0.748114
0.817112 0.818503 0.819167 0.812535 0.818415 0.819391 0.815777 0.815874 0.822554 0.823088
0.792486 0.792178 0.794776 0.791367 0.789118 0.793982 0.789688 0.795681 0.789062 0.793721
0.732698 0.737199 0.735451 0.737363 0.739530 0.724006 0.742878 0.739822 0.738004 0.738196
0.772264 0.780737 0.772316 0.780723 0.774128 0.786883 0.776789 0.773389 0.776388 0.786199
0.708338 0.706322 0.717200 0.705622 0.705320 0.710268 0.707391 0.703959 0.706054 0.710082
0.687592 0.677306 0.675585 0.676786 0.677156 0.677893 0.672872 0.676176 0.675386 0.679104
0.695510 0.700769 0.698012 0.690653 0.692268 0.702164 0.694278 0.693976 0.692180 0.697539
0.730777 0.725180 0.726716 0.720038 0.726761 0.720369 0.731633 0.735577 0.728392 0.727435
0.613195 0.618683 0.612446 0.606029 0.612506 0.603755 0.600768 0.610079 0.614559 0.615396
0.781985 0.782431 0.782483 0.781766 0.775783 0.783204 0.781738 0.782224 0.780393 0.785407
0.739397 0.738720 0.742772 0.735850 0.735614 0.735871 0.740113 0.738636 0.736966 0.736058
0.604653 0.608738 0.606573 0.597498 0.598532 0.599783 0.602378 0.601356 0.598467 0.604968
0.593827 0.596413 0.588837 0.579320 0.594685 0.599727 0.591152 0.587927 0.581172 0.592984
0.655936 0.656320 0.650037 0.639146 0.648663 0.645718 0.651129 0.643614 0.645417 0.654687
0.842622 0.834061 0.848692 0.845346 0.843054 0.840642 0.844061 0.849468 0.840670 0.835922
0.750872 0.739856 0.750545 0.742784 0.745981 0.744800 0.725825 0.733715 0.738423 0.741172
0.675950 0.670085 0.679603 0.670178 0.664670 0.664988 0.672022 0.665606 0.669542 0.666612
0.728777 0.727665 0.729451 0.732974 0.726286 0.732940 0.727694 0.723374 0.729127 0.725264
0.765041 0.767523 0.782008 0.756643 0.762183 0.767338 0.765492 0.770243 0.764807 0.769811
0.809631 0.814225 0.819751 0.804802 0.814006 0.816184 0.810391 0.813565 0.814670 0.819065
0.789013 0.789746 0.791630 0.782872 0.784055 0.787660 0.783661 0.784972 0.781399 0.783184
0.809886 0.812199 0.806106 0.812158 0.806161 0.807898 0.803819 0.818016 0.806561 0.811924
0.839605 0.839814 0.838824 0.837873 0.835482 0.835261 0.830635 0.841558 0.827893 0.836333
0.720567 0.718103 0.727301 0.720680 0.716078 0.722475 0.716396 0.720972 0.722931 0.717070
0.671200 0.670641 0.672755 0.662813 0.659396 0.671429 0.666594 0.672727 0.671416 0.675000
0.632292 0.640479 0.654387 0.639544 0.644662 0.648218 0.645297 0.639310 0.636556 0.641211
0.767573 0.768403 0.768798 0.766505 0.767267 0.767123 0.766339 0.766592 0.764058 0.765304
0.716575 0.706132 0.719938 0.703059 0.704556 0.703359 0.705443 0.710989 0.708012 0.724581
0.753141 0.752872 0.753686 0.745819 0.751803 0.750190 0.742700 0.753435 0.752959 0.754657
0.610326 0.614450 0.612447 0.611956 0.604237 0.619104 0.615588 0.609839 0.603128 0.616564
0.755757 0.758556 0.766279 0.757760 0.754505 0.757435 0.756634 0.757021 0.758338 0.756013
0.759252 0.756286 0.759990 0.763541 0.752078 0.762349 0.761835 0.758829 0.757982 0.755716
0.679085 0.674069 0.680014 0.671932 0.671159 0.678453 0.674539 0.680424 0.675311 0.687629
0.768519 0.757155 0.765669 0.769684 0.764751 0.759292 0.758716 0.764187 0.765487 0.764528
0.773784 0.770649 0.773193 0.770277 0.772108 0.768008 0.768001 0.776052 0.769510 0.773892
0.648519 0.643874 0.650333 0.636461 0.629816 0.641706 0.639114 0.641444 0.637405 0.651711
0.750150 0.741445 0.742857 0.745441 0.743247 0.745934 0.745721 0.745870 0.752193 0.745214
0.732178 0.727495 0.739483 0.737028 0.726434 0.735507 0.736941 0.735109 0.727066 0.738577
0.761144 0.758033 0.762104 0.767325 0.754054 0.762324 0.753935 0.760088 0.756588 0.761606
0.816924 0.816933 0.820831 0.813466 0.820521 0.818347 0.815395 0.817435 0.818130 0.822846
0.746633 0.736999 0.744248 0.735964 0.736162 0.739257 0.744608 0.750943 0.733701 0.736815
0.657116 0.655247 0.667377 0.654692 0.658868 0.664088 0.653595 0.648817 0.663661 0.650242
0.812142 0.812208 0.812534 0.811438 0.813453 0.813188 0.813351 0.818380 0.813678 0.812344
0.765850 0.764306 0.764768 0.767494 0.767477 0.766300 0.759229 0.767430 0.758482 0.765226
0.691688 0.687368 0.697949 0.698071 0.694318 0.704201 0.690985 0.699413 0.693678 0.693683
0.615334 0.608881 0.612613 0.613697 0.610561 0.609665 0.602772 0.606797 0.608801 0.613845
0.760152 0.760784 0.765164 0.765676 0.762489 0.766192 0.757708 0.758425 0.762991 0.762658
0.702516 0.700967 0.709466 0.698696 0.701429 0.706187 0.700367 0.698991 0.700912 0.700000
0.692499 0.691486 0.696726 0.685868 0.685586 0.685839 0.694747 0.687105 0.683738 0.687900
0.693750 0.695338 0.699211 0.692000 0.683424 0.699108 0.694680 0.691477 0.697493 0.692633
0.770612 0.768875 0.783451 0.769848 0.764372 0.771980 0.767871 0.766699 0.766566 0.778820
0.741059 0.746905 0.757156 0.751099 0.746288 0.739756 0.748139 0.749561 0.748276 0.747287
0.744854 0.739612 0.727849 0.730292 0.743688 0.740176 0.742376 0.737466 0.736707 0.731392
0.775275 0.772840 0.780248 0.777894 0.772177 0.772651 0.777565 0.774950 0.779361 0.772614
0.774096 0.773551 0.769968 0.766342 0.768034 0.768618 0.770139 0.777346 0.770715 0.770789
0.819106 0.812710 0.814857 0.815971 0.814734 0.809804 0.812531 0.820856 0.813267 0.825896
0.776516 0.758469 0.773456 0.764558 0.766196 0.761314 0.768916 0.762837 0.760739 0.765906
0.794138 0.796843 0.801893 0.791189 0.801257 0.799640 0.797436 0.802324 0.789991 0.782467
0.630223 0.635769 0.638099 0.650279 0.638848 0.626316 0.626635 0.634559 0.626320 0.644774
0.749384 0.755165 0.756945 0.756264 0.756724 0.750552 0.761470 0.759606 0.752570 0.761183
0.758981 0.742396 0.757814 0.750921 0.744604 0.749866 0.754148 0.754192 0.754737 0.753751
0.675124 0.683160 0.685916 0.678931 0.677826 0.680404 0.671484 0.668250 0.672106 0.684077
0.650506 0.639428 0.652863 0.642537 0.646232 0.648312 0.649536 0.639151 0.645227 0.654002
0.785663 0.789907 0.789655 0.784900 0.781107 0.786877 0.786108 0.785751 0.781818 0.788106
0.626912 0.638399 0.630230 0.617717 0.626973 0.635560 0.631336 0.618148 0.625050 0.631504
0.692424 0.683897 0.692434 0.677489 0.672867 0.692190 0.679447 0.688108 0.693447 0.682321
0.797472 0.794836 0.797158 0.799208 0.785191 0.795939 0.802648 0.803451 0.792057 0.794525
0.687759 0.686277 0.688866 0.691307 0.685100 0.695417 0.695856 0.695562 0.695363 0.693286
0.755597 0.753858 0.757098 0.761432 0.750054 0.753137 0.747354 0.747543 0.756821 0.752872
0.672571 0.672694 0.687277 0.674596 0.673810 0.671819 0.681854 0.675182 0.680128 0.696953
0.778704 0.777084 0.786054 0.783532 0.781446 0.784711 0.785664 0.780903 0.778970 0.779232
0.646927 0.655947 0.654642 0.649324 0.649712 0.644854 0.645380 0.653327 0.651548 0.655566
0.679872 0.691553 0.705684 0.690936 0.689225 0.691282 0.694668 0.690524 0.689052 0.691220
0.772504 0.771340 0.769818 0.771864 0.773836 0.776786 0.772766 0.775445 0.773676 0.768655
0.762583 0.760196 0.762803 0.762603 0.762799 0.764845 0.758448 0.762846 0.755158 0.764747
0.670227 0.673978 0.681383 0.668252 0.677329 0.669142 0.675884 0.662023 0.668732 0.677810
0.799849 0.798159 0.803873 0.794248 0.789191 0.791796 0.797465 0.795387 0.794139 0.796002
0.830419 0.824877 0.825129 0.824893 0.821857 0.821885 0.825673 0.823423 0.821167 0.823009
0.779047 0.779200 0.780123 0.776718 0.779037 0.777183 0.784497 0.787315 0.774681 0.778076
0.825939 0.817384 0.820414 0.815079 0.823247 0.816682 0.817985 0.819169 0.813508 0.817134
0.766107 0.761331 0.764588 0.758560 0.761243 0.769069 0.768545 0.762444 0.763566 0.766144
0.768335 0.773798 0.777943 0.765916 0.766552 0.761532 0.768896 0.769737 0.762688 0.773161
0.765828 0.760216 0.762343 0.764568 0.756742 0.760054 0.767659 0.759135 0.759874 0.765649
0.771735 0.768334 0.773093 0.764852 0.768633 0.771170 0.774894 0.770933 0.770280 0.769922
0.710796 0.711706 0.716134 0.716795 0.709439 0.710581 0.713048 0.718620 0.717430 0.709875
0.678016 0.678032 0.694836 0.669459 0.665072 0.672915 0.686030 0.674721 0.677010 0.684718
0.762447 0.757849 0.752165 0.751373 0.742214 0.759055 0.756717 0.748731 0.755182 0.751802
0.782370 0.777524 0.791029 0.783532 0.780898 0.786094 0.785543 0.782053 0.780481 0.789549
0.749323 0.743357 0.751071 0.743271 0.738722 0.747904 0.750503 0.751246 0.746626 0.747494
0.805464 0.799114 0.802482 0.806747 0.803657 0.804578 0.812378 0.803147 0.807223 0.807639
0.697420 0.695027 0.706742 0.694407 0.695855 0.698033 0.695734 0.692727 0.705057 0.701239
0.750055 0.743119 0.751168 0.747703 0.750524 0.750543 0.743051 0.737910 0.737222 0.754716
0.782841 0.772080 0.778499 0.784288 0.784100 0.777974 0.768500 0.776582 0.772427 0.776511
0.835840 0.829623 0.834058 0.836313 0.829271 0.831590 0.834731 0.837338 0.833366 0.830938
0.766927 0.766768 0.769366 0.765122 0.764534 0.768807 0.764022 0.767589 0.765678 0.768745
0.753574 0.748448 0.763419 0.740807 0.745764 0.751452 0.750385 0.744271 0.750909 0.747183
0.728979 0.721172 0.724721 0.719791 0.717647 0.723354 0.719151 0.720070 0.716772 0.720305
0.804424 0.794454 0.801374 0.803912 0.794555 0.802163 0.805991 0.803776 0.800770 0.798475
0.746346 0.738065 0.754877 0.739707 0.736154 0.738693 0.748007 0.738087 0.736859 0.738917
0.763436 0.760145 0.774780 0.771082 0.764100 0.763332 0.767294 0.770789 0.765026 0.765026
0.784571 0.774928 0.782284 0.778608 0.785789 0.778964 0.782443 0.786550 0.780499 0.784058
0.717167 0.715814 0.724109 0.711333 0.723247 0.715779 0.727992 0.723056 0.718802 0.713379
0.801258 0.801212 0.806589 0.802414 0.800942 0.801069 0.804666 0.798913 0.799212 0.806661
0.799389 0.806535 0.808288 0.808214 0.794967 0.807236 0.802074 0.801280 0.804348 0.802298
0.760220 0.767017 0.773743 0.773405 0.765254 0.773449 0.766267 0.757400 0.771360 0.768134
0.797184 0.790982 0.794155 0.796668 0.788537 0.791142 0.789421 0.796755 0.793408 0.788676
0.720998 0.712756 0.723895 0.722388 0.721887 0.716831 0.720581 0.719648 0.719821 0.720072
0.747249 0.737436 0.750000 0.743201 0.745941 0.744454 0.750490 0.743846 0.742555 0.745741
0.770938 0.762035 0.774025 0.760417 0.762274 0.767647 0.761661 0.766186 0.773972 0.771111
0.758338 0.764063 0.769955 0.761418 0.760852 0.761738 0.762681 0.757329 0.761247 0.755507
0.748693 0.745882 0.763643 0.752088 0.753302 0.748460 0.755157 0.751511 0.755129 0.752174
0.728433 0.721113 0.730875 0.724437 0.722064 0.727997 0.719098 0.725294 0.722811 0.722386
0.749725 0.746276 0.766690 0.743673 0.744798 0.747832 0.750000 0.744851 0.747429 0.752665
0.798040 0.787226 0.794066 0.785684 0.789899 0.795797 0.794842 0.792850 0.792781 0.798909
0.786587 0.782707 0.787724 0.779915 0.778149 0.778311 0.786380 0.774493 0.782298 0.785956
0.725509 0.711925 0.735127 0.710823 0.727216 0.722337 0.724401 0.718190 0.726494 0.720308
0.699327 0.694930 0.707828 0.695830 0.695678 0.694900 0.692175 0.687132 0.697668 0.695783
0.776503 0.771926 0.776214 0.770828 0.769247 0.771458 0.774897 0.766324 0.768358 0.769549
0.832378 0.830623 0.831399 0.829645 0.829745 0.828084 0.831842 0.832513 0.831835 0.832889
0.750938 0.749763 0.761140 0.748418 0.753546 0.751658 0.750632 0.743804 0.744420 0.754308
0.752871 0.758218 0.756323 0.753595 0.761550 0.752490 0.761265 0.759814 0.762482 0.752903
0.769865 0.777362 0.778838 0.763592 0.767991 0.775219 0.770148 0.774538 0.773795 0.779750
0.776499 0.782206 0.794197 0.786792 0.777536 0.780850 0.780027 0.780068 0.786022 0.790459
0.741302 0.751082 0.751993 0.747889 0.750973 0.743053 0.739276 0.738038 0.748097 0.749499
0.783042 0.781162 0.788133 0.778654 0.776782 0.787030 0.778974 0.781710 0.778434 0.780094
0.752067 0.758938 0.760731 0.754611 0.755354 0.761399 0.753417 0.756420 0.754043 0.753372
0.701348 0.700285 0.709363 0.703315 0.705721 0.704167 0.702612 0.700510 0.701878 0.709172
0.790561 0.792160 0.796714 0.795312 0.792296 0.795842 0.799104 0.797228 0.786771 0.796789
0.825712 0.819527 0.826608 0.829795 0.824706 0.828358 0.829563 0.816904 0.824516 0.823761
0.722972 0.723646 0.739273 0.723949 0.735762 0.736903 0.733490 0.733732 0.731191 0.746503
0.805111 0.798006 0.805066 0.796539 0.799755 0.794706 0.807290 0.798480 0.800548 0.804746
0.721149 0.720797 0.728696 0.722303 0.726005 0.724852 0.726181 0.723392 0.722727 0.717962
0.778834 0.776345 0.785353 0.773125 0.772957 0.774885 0.781250 0.779739 0.771522 0.780943
0.804762 0.797132 0.809286 0.810642 0.807687 0.798842 0.803639 0.801634 0.796979 0.802802
0.817177 0.815638 0.824649 0.821321 0.823667 0.817317 0.817652 0.818247 0.823246 0.817343
0.789758 0.791377 0.787791 0.786879 0.789461 0.785934 0.780285 0.789343 0.788693 0.790530
0.814828 0.832878 0.837017 0.820186 0.831634 0.827623 0.832343 0.826854 0.828878 0.824198
0.791375 0.782687 0.782935 0.800620 0.784531 0.785578 0.788536 0.786977 0.781646 0.783492
0.788957 0.792171 0.792283 0.780608 0.780870 0.788398 0.785129 0.776947 0.785441 0.793329
0.786504 0.791223 0.800164 0.800401 0.789426 0.788996 0.790620 0.794449 0.795915 0.801254
0.793662 0.797466 0.808166 0.798553 0.798687 0.792543 0.795553 0.801122 0.806636 0.798960
0.767509 0.767543 0.772268 0.783180 0.767674 0.763985 0.767839 0.773102 0.777870 0.769732
0.751649 0.750702 0.756260 0.745327 0.743224 0.748180 0.743808 0.743810 0.744534 0.750845
0.758705 0.772665 0.775629 0.773239 0.762960 0.772218 0.775439 0.775573 0.771470 0.767609
0.805067 0.800000 0.811927 0.813393 0.803212 0.810582 0.802754 0.806061 0.810721 0.803600
0.792432 0.785526 0.785905 0.783225 0.781407 0.790281 0.784357 0.784086 0.787160 0.790662
